[0.9999999893467268, 0.7252063412633546, 0.7078355725559377, 0.6672734104296713, 0.6478329106113191, 0.6325701166598844, 0.718144734105348, 0.5782828230084918, 0.6182193360720256, 0.7392257585865207, 0.48266669589439426],
[0.9999999779224806, 0.7511146323159599, 0.8019697762471717, 0.8848474262168159, 0.7344599598144859, 0.8645784431131631, 0.7210781162668164, 0.6783481765159712, 0.8611200651933972, 0.5548889615224971],
[0.9999999942963879, 0.6467820508157993, 0.6888557676327308, 0.7002846705467881, 0.6790779037479168, 0.7936627575845047, 0.6687348668782083, 0.7693969169011099, 0.5842965452155838],
[0.9999999840179842, 0.846942141664317, 0.723597433139538, 0.8483065552620042, 0.6697184310569635, 0.7314290802825419, 0.8001316745317347, 0.6193597658328507],
[0.9999999823680839, 0.7556128680922474, 0.825026793832761, 0.750114758739361, 0.6644709902365462, 0.8177235857795268, 0.5228803893335355],
[0.9999999918551126, 0.7607182312948017, 0.6905190233978321, 0.6145654953449402, 0.8578512803685243, 0.606441602506593],
[0.999999991782256, 0.6287267068590102, 0.7868378440475351, 0.8344261951785115, 0.5463434121808463],
[0.9999999877464045, 0.5571311253669894, 0.7541408086832806, 0.43199570294962464],
[0.9999999858116755, 0.638675160335566, 0.6286440772922969],
[0.9999999880149997, 0.5563536727042129],
[0.9999999812643245],
[0.9999999893467268, 0.7252063412633546, 0.7078355725559377, 0.6672734104296713, 0.6478329106113191, 0.6325701166598844, 0.718144734105348, 0.5782828230084918, 0.6182193360720256, 0.7392257585865207, 0.48266669589439426],
[0.9999999779224806, 0.7511146323159599, 0.8019697762471717, 0.8848474262168159, 0.7344599598144859, 0.8645784431131631, 0.7210781162668164, 0.6783481765159712, 0.8611200651933972, 0.5548889615224971],
